32333417
32420680
32931848
32989650
33059053
33130272
33140193
33147510
33160085
33203742
33221445
33231916
33242421
33248255
33249385
33257324
33346117
33349547
33367590
33372144
33385556
33401011
33472829
33524805
33545044
33571913
33582273
33668449
33675997
33710282
33713968
33749742
33762217
33813007
33834203
33895807
33910099
33933596
33948754
33951259
33991696
34000398
34020016
34049888
34114506
34135466
34333283
34358659
34382408
34385312
34398213
34435748
34493677
34525363
34531284
34592172
34652872
34697833
34708689
34861608
34870361
34875690
34911768
34916583
35121184
35168154
35174854
35274789
35285485
35289976
35304263
35311643
35362645
35367813
35368068
35393941
35398543
35441132
35443219
35468569
35473394
35586919
35613892
35625035
35635753
35680054
35718022
35741588
35767066
35787304
35793349
35869083
35985124
36002263
36009076
36030379
36031181
36040302
36049699
36075141
36075539
36081469
36100086
36111671
36162633
36270161
36288926
36306386
36306717
36326213
36328274
36379420
36418674
36444984
36453449
36508677
36519530
36579557
36599681
36610109
36617430
36630962
36638163
36658459
36672043
36724226
36752641
36773282
36791897
36848968
36863548
36908889
36921679
36935083
36958619
36979275
36994470
37015270
37023479
37030414
37037065
37169116
37239257
37245559
37269956
37353099
37371383
37385988
37395724
37400252
37401007
37417470
37449983
37452058
37463907
37508932
37523965
37524169
37553449
37562718
37598002
37639901
37661079
37697742
37718160
37751811
37787648
37847731
37885127
37932104
37943791
37944517
37948520
37994909
38012107
38012283
38044469
38155106
38193918
38303522
38339911
38376190
38441248
38445552
38454134
38488450
38488473
38531165
38537637
38547065
38566509
38566510
38631616
38663401
38677884
38679477
38685815
38699619
38703090
38729961
38756082
38790489
38795357
38815502
38864574
38945181
38950362
38989605
39008675
39038830
39086203
39096896
39169063
39236803
39302037
39349055
39349446
39366378
39378200
39413130
39422490
39447486
39467639
39491762
39508555
39510071
39513091
39530592
39592232
39592236
39595829
39636743
39643023
39756094
39766484
39792001
39809735
39835965
39843939
39863001
39878229
39896129
39919742
39956399
39960115
40025263
40042099
40046341
40047799
40111180
40120184
40155709
40157046
40157466
40188618
40221067
40345507
40347997
40373360
40386868
40472031
40474503
40481037
40497019
40550920
40593277
40607906
40623840
40632275
40644341
40659530
40799700
40799707
40799711
40800271
40800368
40800416
40800454
40800465
40800468
40800471
40800501
40800749
40800764
40800785
40800800
40800829
40800842
40800867
40800935
40800942
40800968
40818493
40843025
40886590
40897257
40897293
40924465
40962236
40998765
41004228
41026824
41062767
41105838
41115795
41137740
41142951
41189416
41250621
41402333
41412131
41413049
41424246
41440119
41485418
41491726
41520740
41537052
41570814
41576893
41594754
41594825
41635619
41680159
41692286
41772025
41793923
41852942
41861419
41876231
41886027
41888090
41947425
41954041
41970694
